(1, 22, 0, 2, 0, 0, 0, 0, 0)
(1, 23, 0, 1, 0, 0, 0, 0, 0)
(1, 33, 0, 2, 0, 0, 2, 0, 0)
(1, 34, 0, 2, 2, 0, 2, 0, 0)
(1, 35, 0, 2, 2, 0, 0, 0, 0)
(2, 21, 0, 2, 0, 0, 2, 0, 0)
(2, 22, 0, 2, 2, 2, 1, 0, 0)
(2, 23, 0, 1, 1, 1, 0, 0, 0)
(2, 33, 0, 0, 0, 2, 2, 0, 0)
(2, 34, 0, 0, 2, 2, 2, 0, 0)
(2, 35, 0, 1, 2, 2, 0, 0, 0)
(3, 20, 0, 2, 0, 0, 2, 0, 0)
(3, 21, 0, 2, 2, 2, 2, 0, 0)
(3, 22, 0, 0, 2, 2, 0, 0, 0)
(3, 23, 0, 1, 0, 1, 0, 0, 0)
(3, 35, 0, 2, 0, 1, 0, 0, 0)
(4, 19, 0, 2, 0, 0, 2, 0, 0)
(4, 20, 0, 2, 2, 2, 2, 0, 0)
(4, 21, 0, 0, 2, 2, 0, 0, 0)
(4, 23, 0, 1, 0, 1, 0, 0, 0)
(4, 33, 0, 1, 0, 0, 0, 0, 0)
(4, 34, 0, 1, 0, 0, 0, 0, 0)
(4, 35, 0, 2, 0, 2, 0, 0, 0)
(5, 18, 0, 2, 0, 0, 2, 0, 0)
(5, 19, 0, 2, 2, 2, 2, 0, 0)
(5, 20, 0, 0, 2, 2, 0, 0, 0)
(5, 23, 0, 2, 0, 1, 0, 0, 0)
(5, 33, 0, 0, 0, 1, 2, 0, 0)
(5, 34, 0, 1, 2, 1, 0, 0, 0)
(5, 35, 0, 2, 0, 2, 0, 0, 0)
(6, 17, 0, 2, 0, 0, 2, 0, 0)
(6, 18, 0, 2, 2, 2, 2, 0, 0)
(6, 19, 0, 0, 2, 2, 0, 0, 0)
(6, 23, 0, 1, 0, 2, 0, 0, 0)
(6, 25, 0, 1, 0, 0, 0, 0, 0)
(6, 34, 0, 2, 0, 1, 0, 0, 0)
(6, 35, 0, 2, 0, 2, 0, 0, 0)
(7, 10, 0, 2, 0, 0, 0, 0, 0)
(7, 16, 0, 2, 0, 0, 2, 0, 0)
(7, 17, 0, 2, 2, 2, 2, 0, 0)
(7, 18, 0, 2, 2, 2, 0, 0, 0)
(7, 22, 0, 1, 0, 0, 2, 0, 0)
(7, 23, 0, 0, 2, 1, 2, 0, 0)
(7, 24, 0, 0, 2, 0, 2, 0, 0)
(7, 25, 0, 1, 2, 1, 2, 0, 0)
(7, 26, 0, 0, 2, 0, 0, 0, 0)
(7, 34, 0, 2, 0, 2, 0, 0, 0)
(7, 35, 0, 2, 0, 2, 0, 0, 0)
(7, 37, 0, 1, 0, 0, 0, 0, 0)
(8, 10, 0, 1, 0, 2, 0, 0, 0)
(8, 16, 0, 0, 0, 2, 2, 0, 0)
(8, 17, 0, 1, 2, 2, 2, 0, 0)
(8, 18, 0, 0, 2, 2, 0, 0, 0)
(8, 22, 0, 2, 0, 1, 2, 0, 0)
(8, 23, 0, 2, 2, 0, 0, 0, 0)
(8, 25, 0, 2, 0, 1, 2, 0, 0)
(8, 26, 0, 2, 2, 0, 0, 0, 0)
(8, 34, 0, 2, 0, 2, 0, 0, 0)
(8, 35, 0, 2, 0, 2, 0, 0, 0)
(8, 37, 0, 2, 0, 1, 2, 0, 0)
(8, 38, 0, 2, 2, 0, 0, 0, 0)
(9, 10, 0, 2, 0, 1, 0, 0, 0)
(9, 15, 0, 0, 0, 0, 2, 0, 0)
(9, 16, 0, 1, 2, 0, 2, 0, 0)
(9, 17, 0, 1, 2, 1, 0, 0, 0)
(9, 22, 0, 2, 0, 2, 2, 0, 0)
(9, 23, 0, 2, 2, 2, 0, 0, 0)
(9, 24, 0, 1, 0, 0, 0, 0, 0)
(9, 25, 0, 1, 0, 2, 2, 0, 0)
(9, 26, 0, 1, 2, 2, 0, 0, 0)
(9, 34, 0, 1, 0, 2, 0, 0, 0)
(9, 35, 0, 1, 0, 2, 0, 0, 0)
(9, 36, 0, 1, 0, 0, 0, 0, 0)
(9, 37, 0, 2, 0, 2, 2, 0, 0)
(9, 38, 0, 2, 2, 2, 0, 0, 0)
(10, 10, 0, 2, 0, 2, 0, 0, 0)
(10, 16, 0, 2, 0, 1, 2, 0, 0)
(10, 17, 0, 2, 2, 1, 0, 0, 0)
(10, 22, 0, 2, 0, 2, 2, 0, 0)
(10, 23, 0, 2, 2, 2, 0, 0, 0)
(10, 24, 0, 0, 0, 1, 2, 0, 0)
(10, 25, 0, 0, 2, 1, 0, 0, 0)
(10, 26, 0, 0, 0, 1, 2, 0, 0)
(10, 27, 0, 1, 2, 0, 0, 0, 0)
(10, 29, 0, 1, 0, 0, 0, 0, 0)
(10, 34, 0, 0, 0, 1, 1, 0, 0)
(10, 35, 0, 2, 1, 1, 2, 0, 0)
(10, 36, 0, 2, 2, 1, 0, 0, 0)
(10, 37, 0, 2, 0, 2, 2, 0, 0)
(10, 38, 0, 2, 2, 2, 0, 0, 0)
(11, 10, 0, 2, 0, 2, 0, 0, 0)
(11, 16, 0, 1, 0, 2, 2, 0, 0)
(11, 17, 0, 1, 2, 2, 0, 0, 0)
(11, 22, 0, 1, 0, 2, 2, 0, 0)
(11, 23, 0, 1, 2, 2, 0, 0, 0)
(11, 27, 0, 0, 0, 1, 2, 0, 0)
(11, 28, 0, 0, 2, 0, 2, 0, 0)
(11, 29, 0, 1, 2, 1, 1, 0, 0)
(11, 30, 0, 0, 1, 0, 2, 0, 0)
(11, 31, 0, 0, 2, 0, 0, 0, 0)
(11, 35, 0, 2, 0, 2, 2, 0, 0)
(11, 36, 0, 2, 2, 2, 0, 0, 0)
(11, 37, 0, 2, 0, 2, 2, 0, 0)
(11, 38, 0, 2, 2, 2, 0, 0, 0)
(12, 10, 0, 1, 0, 2, 0, 0, 0)
(12, 16, 0, 1, 0, 1, 0, 0, 0)
(12, 17, 0, 1, 0, 1, 0, 0, 0)
(12, 19, 0, 2, 0, 0, 0, 0, 0)
(12, 22, 0, 0, 0, 1, 0, 0, 0)
(12, 23, 0, 2, 0, 1, 0, 0, 0)
(12, 28, 0, 2, 0, 0, 1, 0, 0)
(12, 29, 0, 2, 1, 1, 2, 0, 0)
(12, 30, 0, 2, 2, 0, 0, 0, 0)
(12, 35, 0, 1, 0, 2, 2, 0, 0)
(12, 36, 0, 1, 2, 2, 0, 0, 0)
(12, 37, 0, 2, 0, 2, 2, 0, 0)
(12, 38, 0, 0, 2, 2, 0, 0, 0)
(13, 7, 0, 2, 0, 0, 2, 0, 0)
(13, 8, 0, 2, 2, 0, 2, 0, 0)
(13, 9, 0, 2, 2, 0, 2, 0, 0)
(13, 10, 0, 2, 2, 1, 2, 0, 0)
(13, 11, 0, 2, 2, 0, 2, 0, 0)
(13, 12, 0, 2, 2, 0, 2, 0, 0)
(13, 13, 0, 2, 2, 0, 2, 0, 0)
(13, 14, 0, 2, 2, 0, 2, 0, 0)
(13, 15, 0, 2, 2, 0, 2, 0, 0)
(13, 16, 0, 2, 2, 1, 0, 0, 0)
(13, 17, 0, 2, 0, 1, 0, 0, 0)
(13, 18, 0, 1, 0, 0, 0, 0, 0)
(13, 19, 0, 1, 0, 2, 0, 0, 0)
(13, 21, 0, 1, 0, 0, 2, 0, 0)
(13, 22, 0, 1, 2, 0, 2, 0, 0)
(13, 23, 0, 1, 2, 2, 0, 0, 0)
(13, 28, 0, 1, 0, 2, 0, 0, 0)
(13, 29, 0, 2, 0, 2, 2, 0, 0)
(13, 30, 0, 2, 2, 2, 0, 0, 0)
(13, 31, 0, 2, 0, 0, 0, 0, 0)
(13, 35, 0, 2, 0, 1, 0, 0, 0)
(13, 36, 0, 1, 0, 1, 0, 0, 0)
(13, 37, 0, 2, 0, 2, 0, 0, 0)
(14, 7, 0, 0, 0, 2, 2, 0, 0)
(14, 8, 0, 0, 2, 2, 2, 0, 0)
(14, 9, 0, 1, 2, 2, 2, 0, 0)
(14, 10, 0, 0, 2, 2, 2, 0, 0)
(14, 11, 0, 0, 2, 2, 2, 0, 0)
(14, 12, 0, 0, 2, 2, 2, 0, 0)
(14, 13, 0, 0, 2, 2, 2, 0, 0)
(14, 14, 0, 1, 2, 2, 2, 0, 0)
(14, 15, 0, 0, 2, 2, 2, 0, 0)
(14, 16, 0, 1, 2, 2, 0, 0, 0)
(14, 17, 0, 2, 0, 2, 1, 0, 0)
(14, 18, 0, 2, 1, 1, 2, 0, 0)
(14, 19, 0, 2, 2, 1, 0, 0, 0)
(14, 21, 0, 2, 0, 1, 0, 0, 0)
(14, 22, 0, 0, 0, 1, 0, 0, 0)
(14, 23, 0, 2, 0, 1, 0, 0, 0)
(14, 28, 0, 0, 0, 1, 0, 0, 0)
(14, 29, 0, 1, 0, 2, 2, 0, 0)
(14, 30, 0, 1, 2, 2, 1, 0, 0)
(14, 31, 0, 2, 1, 2, 0, 0, 0)
(14, 33, 0, 1, 0, 0, 0, 0, 0)
(14, 35, 0, 2, 0, 2, 0, 0, 0)
(14, 36, 0, 1, 0, 1, 0, 0, 0)
(14, 37, 0, 2, 0, 2, 0, 0, 0)
(15, 9, 0, 2, 0, 1, 0, 0, 0)
(15, 11, 0, 2, 0, 0, 0, 0, 0)
(15, 14, 0, 1, 0, 1, 0, 0, 0)
(15, 16, 0, 0, 0, 1, 0, 0, 0)
(15, 17, 0, 2, 0, 2, 0, 0, 0)
(15, 18, 0, 2, 0, 2, 2, 0, 0)
(15, 19, 0, 2, 2, 2, 0, 0, 0)
(15, 21, 0, 2, 0, 2, 0, 0, 0)
(15, 23, 0, 1, 0, 2, 0, 0, 0)
(15, 26, 0, 1, 0, 0, 0, 0, 0)
(15, 29, 0, 1, 0, 1, 0, 0, 0)
(15, 30, 0, 0, 0, 1, 0, 0, 0)
(15, 31, 0, 1, 0, 2, 0, 0, 0)
(15, 33, 0, 1, 0, 1, 0, 0, 0)
(15, 35, 0, 2, 0, 2, 0, 0, 0)
(15, 36, 0, 2, 0, 1, 0, 0, 0)
(15, 37, 0, 2, 0, 2, 0, 0, 0)
(15, 45, 0, 1, 0, 0, 2, 0, 0)
(15, 46, 0, 1, 2, 0, 0, 0, 0)
(16, 9, 0, 2, 0, 2, 0, 0, 0)
(16, 11, 0, 2, 0, 2, 0, 0, 0)
(16, 14, 0, 1, 0, 1, 0, 0, 0)
(16, 16, 0, 1, 0, 0, 1, 0, 0)
(16, 17, 0, 2, 1, 2, 0, 0, 0)
(16, 18, 0, 2, 0, 2, 2, 0, 0)
(16, 19, 0, 2, 2, 2, 0, 0, 0)
(16, 21, 0, 2, 0, 2, 0, 0, 0)
(16, 23, 0, 0, 0, 1, 2, 0, 0)
(16, 24, 0, 0, 2, 0, 2, 0, 0)
(16, 25, 0, 0, 2, 0, 2, 0, 0)
(16, 26, 0, 0, 2, 1, 2, 0, 0)
(16, 27, 0, 0, 2, 0, 2, 0, 0)
(16, 28, 0, 0, 2, 0, 2, 0, 0)
(16, 29, 0, 0, 2, 1, 0, 0, 0)
(16, 31, 0, 1, 0, 1, 0, 0, 0)
(16, 32, 0, 1, 0, 0, 0, 0, 0)
(16, 33, 0, 1, 0, 1, 0, 0, 0)
(16, 35, 0, 2, 0, 2, 0, 0, 0)
(16, 36, 0, 0, 0, 2, 1, 0, 0)
(16, 37, 0, 2, 1, 2, 0, 0, 0)
(16, 45, 0, 0, 0, 1, 0, 0, 0)
(16, 46, 0, 1, 0, 1, 0, 0, 0)
(17, 9, 0, 1, 0, 2, 0, 0, 0)
(17, 11, 0, 1, 0, 2, 0, 0, 0)
(17, 14, 0, 2, 0, 1, 0, 0, 0)
(17, 16, 0, 2, 0, 1, 0, 0, 0)
(17, 17, 0, 1, 0, 2, 0, 0, 0)
(17, 18, 0, 1, 0, 2, 2, 0, 0)
(17, 19, 0, 1, 2, 2, 0, 0, 0)
(17, 21, 0, 1, 0, 2, 0, 0, 0)
(17, 31, 0, 2, 0, 1, 2, 0, 0)
(17, 32, 0, 2, 2, 1, 2, 0, 0)
(17, 33, 0, 2, 2, 1, 0, 0, 0)
(17, 35, 0, 2, 0, 2, 0, 0, 0)
(17, 37, 0, 2, 0, 2, 0, 0, 0)
(17, 45, 0, 2, 0, 0, 2, 0, 0)
(17, 46, 0, 2, 2, 1, 0, 0, 0)
(18, 6, 0, 2, 0, 0, 2, 0, 0)
(18, 7, 0, 2, 2, 0, 2, 0, 0)
(18, 8, 0, 2, 2, 0, 2, 0, 0)
(18, 9, 0, 2, 2, 1, 0, 0, 0)
(18, 11, 0, 2, 0, 1, 2, 0, 0)
(18, 12, 0, 2, 2, 0, 0, 0, 0)
(18, 13, 0, 2, 0, 0, 1, 0, 0)
(18, 14, 0, 2, 1, 2, 0, 0, 0)
(18, 15, 0, 2, 0, 0, 0, 0, 0)
(18, 16, 0, 2, 0, 2, 0, 0, 0)
(18, 17, 0, 2, 0, 1, 0, 0, 0)
(18, 18, 0, 2, 0, 1, 0, 0, 0)
(18, 19, 0, 0, 0, 1, 0, 0, 0)
(18, 20, 0, 2, 0, 0, 2, 0, 0)
(18, 21, 0, 2, 2, 1, 2, 0, 0)
(18, 22, 0, 2, 2, 0, 0, 0, 0)
(18, 31, 0, 1, 0, 2, 2, 0, 0)
(18, 32, 0, 1, 2, 2, 2, 0, 0)
(18, 33, 0, 1, 2, 2, 0, 0, 0)
(18, 34, 0, 1, 0, 0, 0, 0, 0)
(18, 35, 0, 1, 0, 2, 0, 0, 0)
(18, 37, 0, 2, 0, 2, 0, 0, 0)
(18, 45, 0, 1, 0, 2, 2, 0, 0)
(18, 46, 0, 0, 2, 2, 0, 0, 0)
(19, 6, 0, 0, 0, 2, 2, 0, 0)
(19, 7, 0, 0, 2, 2, 2, 0, 0)
(19, 8, 0, 1, 2, 2, 2, 0, 0)
(19, 9, 0, 0, 2, 2, 0, 0, 0)
(19, 11, 0, 1, 0, 2, 2, 0, 0)
(19, 12, 0, 0, 2, 2, 0, 0, 0)
(19, 13, 0, 0, 0, 2, 0, 0, 0)
(19, 14, 0, 2, 0, 2, 0, 0, 0)
(19, 15, 0, 0, 0, 2, 1, 0, 0)
(19, 16, 0, 2, 1, 2, 0, 0, 0)
(19, 17, 0, 1, 0, 2, 0, 0, 0)
(19, 18, 0, 1, 0, 2, 0, 0, 0)
(19, 19, 0, 1, 0, 0, 0, 0, 0)
(19, 20, 0, 0, 0, 2, 2, 0, 0)
(19, 21, 0, 1, 2, 2, 2, 0, 0)
(19, 22, 0, 0, 2, 2, 0, 0, 0)
(19, 31, 0, 1, 0, 1, 0, 0, 0)
(19, 32, 0, 0, 0, 1, 0, 0, 0)
(19, 33, 0, 1, 0, 1, 1, 0, 0)
(19, 34, 0, 0, 1, 1, 2, 0, 0)
(19, 35, 0, 1, 2, 1, 0, 0, 0)
(19, 37, 0, 2, 0, 2, 0, 0, 0)
(19, 45, 0, 1, 0, 1, 0, 0, 0)
(19, 46, 0, 1, 0, 0, 0, 0, 0)
(20, 8, 0, 2, 0, 1, 0, 0, 0)
(20, 11, 0, 2, 0, 1, 0, 0, 0)
(20, 14, 0, 2, 0, 2, 0, 0, 0)
(20, 16, 0, 1, 0, 2, 0, 0, 0)
(20, 17, 0, 2, 0, 1, 1, 0, 0)
(20, 18, 0, 2, 1, 1, 2, 0, 0)
(20, 19, 0, 2, 2, 1, 0, 0, 0)
(20, 21, 0, 1, 0, 1, 0, 0, 0)
(20, 29, 0, 2, 0, 0, 2, 0, 0)
(20, 30, 0, 2, 2, 0, 0, 0, 0)
(20, 31, 0, 2, 0, 1, 0, 0, 0)
(20, 33, 0, 0, 0, 1, 2, 0, 0)
(20, 34, 0, 0, 2, 0, 2, 0, 0)
(20, 35, 0, 0, 2, 1, 0, 0, 0)
(20, 37, 0, 1, 0, 2, 0, 0, 0)
(20, 45, 0, 1, 0, 1, 2, 0, 0)
(20, 46, 0, 1, 2, 1, 0, 0, 0)
(21, 8, 0, 1, 0, 2, 0, 0, 0)
(21, 11, 0, 2, 0, 2, 0, 0, 0)
(21, 14, 0, 2, 0, 2, 0, 0, 0)
(21, 16, 0, 0, 0, 1, 1, 0, 0)
(21, 17, 0, 2, 1, 2, 0, 0, 0)
(21, 18, 0, 2, 0, 2, 2, 0, 0)
(21, 19, 0, 2, 2, 2, 0, 0, 0)
(21, 21, 0, 2, 0, 1, 0, 0, 0)
(21, 29, 0, 2, 0, 2, 0, 0, 0)
(21, 30, 0, 2, 0, 2, 0, 0, 0)
(21, 31, 0, 2, 0, 2, 0, 0, 0)
(21, 32, 0, 1, 0, 0, 0, 0, 0)
(21, 37, 0, 1, 0, 1, 0, 0, 0)
(21, 45, 0, 1, 0, 1, 0, 0, 0)
(21, 46, 0, 2, 0, 1, 0, 0, 0)
(22, 8, 0, 2, 0, 1, 0, 0, 0)
(22, 11, 0, 2, 0, 2, 0, 0, 0)
(22, 14, 0, 2, 0, 2, 0, 0, 0)
(22, 17, 0, 2, 0, 2, 0, 0, 0)
(22, 18, 0, 2, 0, 2, 2, 0, 0)
(22, 19, 0, 2, 2, 2, 0, 0, 0)
(22, 21, 0, 2, 0, 2, 0, 0, 0)
(22, 29, 0, 2, 0, 2, 0, 0, 0)
(22, 30, 0, 2, 0, 2, 0, 0, 0)
(22, 31, 0, 2, 0, 2, 0, 0, 0)
(22, 32, 0, 2, 0, 1, 2, 0, 0)
(22, 33, 0, 2, 2, 0, 2, 0, 0)
(22, 34, 0, 2, 2, 0, 2, 0, 0)
(22, 35, 0, 2, 2, 0, 2, 0, 0)
(22, 36, 0, 2, 2, 0, 2, 0, 0)
(22, 37, 0, 2, 2, 1, 0, 0, 0)
(22, 45, 0, 0, 0, 1, 0, 0, 0)
(22, 46, 0, 2, 0, 2, 0, 0, 0)
(23, 8, 0, 1, 0, 2, 0, 0, 0)
(23, 11, 0, 1, 0, 2, 0, 0, 0)
(23, 14, 0, 1, 0, 2, 0, 0, 0)
(23, 17, 0, 2, 0, 2, 1, 0, 0)
(23, 18, 0, 1, 1, 2, 2, 0, 0)
(23, 19, 0, 1, 2, 2, 0, 0, 0)
(23, 21, 0, 2, 0, 2, 0, 0, 0)
(23, 29, 0, 2, 0, 2, 0, 0, 0)
(23, 30, 0, 2, 0, 2, 0, 0, 0)
(23, 31, 0, 2, 0, 2, 0, 0, 0)
(23, 32, 0, 1, 0, 2, 2, 0, 0)
(23, 33, 0, 0, 2, 2, 2, 0, 0)
(23, 34, 0, 0, 2, 2, 2, 0, 0)
(23, 35, 0, 0, 2, 2, 2, 0, 0)
(23, 36, 0, 0, 2, 2, 2, 0, 0)
(23, 37, 0, 1, 2, 2, 0, 0, 0)
(23, 45, 0, 1, 0, 0, 0, 0, 0)
(23, 46, 0, 1, 0, 2, 0, 0, 0)
(24, 8, 0, 2, 0, 1, 0, 0, 0)
(24, 11, 0, 2, 0, 1, 2, 0, 0)
(24, 12, 0, 2, 2, 0, 2, 0, 0)
(24, 13, 0, 2, 2, 0, 2, 0, 0)
(24, 14, 0, 2, 2, 1, 0, 0, 0)
(24, 17, 0, 1, 0, 2, 0, 0, 0)
(24, 18, 0, 0, 0, 1, 0, 0, 0)
(24, 19, 0, 2, 0, 1, 0, 0, 0)
(24, 21, 0, 1, 0, 2, 0, 0, 0)
(24, 23, 0, 2, 0, 0, 2, 0, 0)
(24, 24, 0, 2, 2, 0, 2, 0, 0)
(24, 25, 0, 2, 2, 0, 2, 0, 0)
(24, 26, 0, 2, 2, 0, 2, 0, 0)
(24, 27, 0, 2, 2, 0, 0, 0, 0)
(24, 29, 0, 2, 0, 2, 0, 0, 0)
(24, 30, 0, 2, 0, 2, 0, 0, 0)
(24, 31, 0, 2, 0, 2, 0, 0, 0)
(24, 32, 0, 1, 0, 1, 0, 0, 0)
(24, 37, 0, 0, 0, 1, 0, 0, 0)
(24, 45, 0, 2, 0, 1, 2, 0, 0)
(24, 46, 0, 2, 2, 1, 0, 0, 0)
(25, 8, 0, 1, 0, 2, 0, 0, 0)
(25, 11, 0, 2, 0, 2, 2, 0, 0)
(25, 12, 0, 2, 2, 2, 2, 0, 0)
(25, 13, 0, 2, 2, 2, 2, 0, 0)
(25, 14, 0, 2, 2, 2, 0, 0, 0)
(25, 17, 0, 1, 0, 1, 0, 0, 0)
(25, 19, 0, 0, 0, 2, 0, 0, 0)
(25, 21, 0, 2, 0, 1, 0, 0, 0)
(25, 23, 0, 1, 0, 2, 2, 0, 0)
(25, 24, 0, 0, 2, 2, 2, 0, 0)
(25, 25, 0, 0, 2, 2, 2, 0, 0)
(25, 26, 0, 0, 2, 2, 2, 0, 0)
(25, 27, 0, 1, 2, 2, 0, 0, 0)
(25, 29, 0, 1, 0, 2, 0, 0, 0)
(25, 30, 0, 0, 0, 2, 2, 0, 0)
(25, 31, 0, 0, 2, 2, 0, 0, 0)
(25, 32, 0, 2, 0, 1, 0, 0, 0)
(25, 45, 0, 0, 0, 2, 2, 0, 0)
(25, 46, 0, 1, 2, 2, 0, 0, 0)
(26, 5, 0, 2, 0, 0, 2, 0, 0)
(26, 6, 0, 2, 2, 0, 2, 0, 0)
(26, 7, 0, 2, 2, 0, 2, 0, 0)
(26, 8, 0, 2, 2, 1, 0, 0, 0)
(26, 11, 0, 2, 0, 2, 2, 0, 0)
(26, 12, 0, 2, 2, 2, 2, 0, 0)
(26, 13, 0, 2, 2, 2, 2, 0, 0)
(26, 14, 0, 2, 2, 2, 0, 0, 0)
(26, 16, 0, 2, 0, 0, 2, 0, 0)
(26, 17, 0, 2, 2, 1, 0, 0, 0)
(26, 21, 0, 2, 0, 2, 1, 0, 0)
(26, 22, 0, 2, 1, 0, 1, 0, 0)
(26, 23, 0, 0, 1, 1, 0, 0, 0)
(26, 27, 0, 0, 0, 1, 2, 0, 0)
(26, 28, 0, 0, 2, 0, 2, 0, 0)
(26, 29, 0, 0, 2, 1, 0, 0, 0)
(26, 32, 0, 2, 0, 2, 0, 0, 0)
(26, 33, 0, 1, 0, 0, 2, 0, 0)
(26, 34, 0, 0, 2, 0, 2, 0, 0)
(26, 35, 0, 1, 2, 0, 2, 0, 0)
(26, 36, 0, 1, 2, 0, 0, 0, 0)
(26, 46, 0, 2, 0, 1, 0, 0, 0)
(27, 5, 0, 0, 0, 2, 2, 0, 0)
(27, 6, 0, 0, 2, 2, 2, 0, 0)
(27, 7, 0, 1, 2, 2, 2, 0, 0)
(27, 8, 0, 1, 2, 2, 0, 0, 0)
(27, 11, 0, 2, 0, 2, 2, 0, 0)
(27, 12, 0, 2, 2, 2, 2, 0, 0)
(27, 13, 0, 2, 2, 2, 2, 0, 0)
(27, 14, 0, 2, 2, 2, 0, 0, 0)
(27, 16, 0, 2, 0, 2, 2, 0, 0)
(27, 17, 0, 2, 2, 2, 1, 0, 0)
(27, 18, 0, 1, 1, 0, 0, 0, 0)
(27, 21, 0, 1, 0, 2, 1, 0, 0)
(27, 22, 0, 1, 1, 2, 0, 0, 0)
(27, 32, 0, 2, 0, 2, 0, 0, 0)
(27, 33, 0, 1, 0, 1, 0, 0, 0)
(27, 35, 0, 2, 0, 1, 0, 0, 0)
(27, 36, 0, 0, 0, 1, 0, 0, 0)
(27, 45, 0, 1, 0, 0, 0, 0, 0)
(27, 46, 0, 2, 0, 2, 0, 0, 0)
(28, 7, 0, 1, 0, 1, 0, 0, 0)
(28, 8, 0, 0, 0, 1, 0, 0, 0)
(28, 11, 0, 2, 0, 2, 2, 0, 0)
(28, 12, 0, 2, 2, 2, 2, 0, 0)
(28, 13, 0, 2, 2, 2, 2, 0, 0)
(28, 14, 0, 2, 2, 2, 0, 0, 0)
(28, 16, 0, 1, 0, 2, 2, 0, 0)
(28, 17, 0, 1, 2, 2, 0, 0, 0)
(28, 18, 0, 0, 0, 1, 2, 0, 0)
(28, 19, 0, 0, 2, 0, 2, 0, 0)
(28, 20, 0, 1, 2, 0, 0, 0, 0)
(28, 21, 0, 2, 0, 1, 0, 0, 0)
(28, 22, 0, 0, 0, 1, 0, 0, 0)
(28, 32, 0, 1, 0, 2, 1, 0, 0)
(28, 33, 0, 0, 1, 1, 0, 0, 0)
(28, 35, 0, 1, 0, 2, 0, 0, 0)
(28, 39, 0, 2, 0, 0, 0, 0, 0)
(28, 45, 0, 1, 0, 1, 0, 0, 0)
(28, 46, 0, 1, 0, 2, 0, 0, 0)
(29, 7, 0, 2, 0, 1, 0, 0, 0)
(29, 10, 0, 2, 0, 0, 1, 0, 0)
(29, 11, 0, 0, 1, 2, 2, 0, 0)
(29, 12, 0, 1, 2, 2, 2, 0, 0)
(29, 13, 0, 1, 2, 2, 2, 0, 0)
(29, 14, 0, 0, 2, 2, 0, 0, 0)
(29, 16, 0, 2, 0, 1, 0, 0, 0)
(29, 17, 0, 2, 0, 1, 0, 0, 0)
(29, 18, 0, 2, 0, 0, 0, 0, 0)
(29, 20, 0, 1, 0, 1, 0, 0, 0)
(29, 21, 0, 2, 0, 2, 0, 0, 0)
(29, 32, 0, 2, 0, 1, 2, 0, 0)
(29, 33, 0, 2, 2, 0, 0, 0, 0)
(29, 35, 0, 2, 0, 1, 0, 0, 0)
(29, 39, 0, 1, 0, 2, 0, 0, 0)
(29, 45, 0, 1, 0, 1, 0, 0, 0)
(29, 46, 0, 2, 0, 1, 0, 0, 0)
(30, 2, 0, 0, 0, 0, 2, 0, 0)
(30, 3, 0, 2, 2, 0, 0, 0, 0)
(30, 4, 0, 2, 0, 0, 2, 0, 0)
(30, 5, 0, 2, 2, 0, 2, 0, 0)
(30, 6, 0, 2, 2, 0, 0, 0, 0)
(30, 7, 0, 2, 0, 2, 0, 0, 0)
(30, 10, 0, 2, 0, 2, 0, 0, 0)
(30, 12, 0, 0, 0, 1, 0, 0, 0)
(30, 13, 0, 2, 0, 1, 0, 0, 0)
(30, 16, 0, 2, 0, 2, 0, 0, 0)
(30, 17, 0, 2, 0, 2, 0, 0, 0)
(30, 18, 0, 2, 0, 2, 0, 0, 0)
(30, 20, 0, 1, 0, 1, 0, 0, 0)
(30, 21, 0, 1, 0, 2, 0, 0, 0)
(30, 22, 0, 1, 0, 0, 0, 0, 0)
(30, 25, 0, 2, 0, 0, 2, 0, 0)
(30, 26, 0, 0, 2, 0, 2, 0, 0)
(30, 27, 0, 2, 2, 0, 0, 0, 0)
(30, 32, 0, 2, 0, 2, 2, 0, 0)
(30, 33, 0, 0, 2, 2, 0, 0, 0)
(30, 35, 0, 1, 0, 2, 0, 0, 0)
(30, 39, 0, 2, 0, 1, 0, 0, 0)
(30, 43, 0, 1, 0, 0, 0, 0, 0)
(30, 44, 0, 1, 0, 0, 2, 0, 0)
(30, 45, 0, 1, 2, 1, 0, 0, 0)
(30, 46, 0, 1, 0, 2, 0, 0, 0)
(31, 3, 0, 1, 0, 2, 0, 0, 0)
(31, 4, 0, 2, 0, 2, 2, 0, 0)
(31, 5, 0, 2, 2, 2, 2, 0, 0)
(31, 6, 0, 2, 2, 2, 0, 0, 0)
(31, 7, 0, 2, 0, 2, 0, 0, 0)
(31, 10, 0, 2, 0, 2, 0, 0, 0)
(31, 13, 0, 1, 0, 2, 0, 0, 0)
(31, 16, 0, 2, 0, 2, 0, 0, 0)
(31, 17, 0, 0, 0, 2, 0, 0, 0)
(31, 18, 0, 2, 0, 2, 1, 0, 0)
(31, 19, 0, 0, 1, 0, 2, 0, 0)
(31, 20, 0, 1, 2, 1, 1, 0, 0)
(31, 21, 0, 1, 1, 1, 1, 0, 0)
(31, 22, 0, 1, 1, 1, 1, 0, 0)
(31, 23, 0, 0, 1, 0, 2, 0, 0)
(31, 24, 0, 0, 2, 0, 1, 0, 0)
(31, 25, 0, 2, 1, 2, 0, 0, 0)
(31, 26, 0, 0, 0, 0, 1, 0, 0)
(31, 27, 0, 2, 1, 2, 0, 0, 0)
(31, 32, 0, 2, 0, 2, 0, 0, 0)
(31, 35, 0, 1, 0, 1, 2, 0, 0)
(31, 36, 0, 0, 2, 0, 2, 0, 0)
(31, 37, 0, 0, 2, 0, 2, 0, 0)
(31, 38, 0, 0, 2, 0, 1, 0, 0)
(31, 39, 0, 2, 1, 2, 1, 0, 0)
(31, 40, 0, 0, 1, 0, 2, 0, 0)
(31, 41, 0, 0, 2, 0, 2, 0, 0)
(31, 42, 0, 0, 2, 0, 2, 0, 0)
(31, 43, 0, 1, 2, 1, 0, 0, 0)
(31, 44, 0, 1, 0, 1, 0, 0, 0)
(31, 45, 0, 2, 0, 1, 0, 0, 0)
(31, 46, 0, 1, 0, 1, 0, 0, 0)
(32, 1, 0, 2, 0, 0, 0, 0, 0)
(32, 3, 0, 1, 0, 1, 0, 0, 0)
(32, 4, 0, 2, 0, 2, 2, 0, 0)
(32, 5, 0, 2, 2, 2, 2, 0, 0)
(32, 6, 0, 2, 2, 2, 0, 0, 0)
(32, 7, 0, 2, 0, 2, 0, 0, 0)
(32, 10, 0, 2, 0, 2, 0, 0, 0)
(32, 13, 0, 0, 0, 1, 0, 0, 0)
(32, 16, 0, 1, 0, 2, 0, 0, 0)
(32, 18, 0, 2, 0, 2, 0, 0, 0)
(32, 20, 0, 1, 0, 1, 0, 0, 0)
(32, 21, 0, 2, 0, 1, 0, 0, 0)
(32, 22, 0, 0, 0, 1, 0, 0, 0)
(32, 25, 0, 0, 0, 2, 2, 0, 0)
(32, 26, 0, 0, 2, 0, 2, 0, 0)
(32, 27, 0, 0, 2, 2, 0, 0, 0)
(32, 32, 0, 2, 0, 2, 2, 0, 0)
(32, 33, 0, 2, 2, 0, 0, 0, 0)
(32, 35, 0, 2, 0, 1, 0, 0, 0)
(32, 39, 0, 1, 0, 2, 0, 0, 0)
(32, 43, 0, 0, 0, 1, 2, 0, 0)
(32, 44, 0, 0, 2, 1, 0, 0, 0)
(32, 45, 0, 2, 0, 2, 0, 0, 0)
(32, 46, 0, 2, 0, 1, 0, 0, 0)
(33, 1, 0, 2, 0, 2, 1, 0, 0)
(33, 2, 0, 2, 1, 0, 0, 0, 0)
(33, 3, 0, 2, 0, 1, 0, 0, 0)
(33, 4, 0, 2, 0, 2, 2, 0, 0)
(33, 5, 0, 2, 2, 2, 2, 0, 0)
(33, 6, 0, 2, 2, 2, 0, 0, 0)
(33, 7, 0, 2, 0, 2, 0, 0, 0)
(33, 10, 0, 2, 0, 2, 0, 0, 0)
(33, 16, 0, 1, 0, 1, 0, 0, 0)
(33, 18, 0, 0, 0, 2, 0, 0, 0)
(33, 20, 0, 0, 0, 1, 0, 0, 0)
(33, 21, 0, 2, 0, 2, 0, 0, 0)
(33, 32, 0, 2, 0, 2, 2, 0, 0)
(33, 33, 0, 2, 2, 2, 0, 0, 0)
(33, 35, 0, 2, 0, 2, 0, 0, 0)
(33, 39, 0, 1, 0, 1, 0, 0, 0)
(33, 45, 0, 1, 0, 2, 0, 0, 0)
(33, 46, 0, 1, 0, 2, 0, 0, 0)
(34, 1, 0, 0, 0, 2, 0, 0, 0)
(34, 2, 0, 0, 0, 2, 1, 0, 0)
(34, 3, 0, 1, 1, 2, 0, 0, 0)
(34, 4, 0, 2, 0, 2, 2, 0, 0)
(34, 5, 0, 2, 2, 2, 2, 0, 0)
(34, 6, 0, 2, 2, 2, 0, 0, 0)
(34, 7, 0, 2, 0, 2, 0, 0, 0)
(34, 10, 0, 0, 0, 2, 1, 0, 0)
(34, 11, 0, 0, 1, 0, 2, 0, 0)
(34, 12, 0, 0, 2, 0, 2, 0, 0)
(34, 13, 0, 0, 2, 0, 2, 0, 0)
(34, 14, 0, 0, 2, 0, 2, 0, 0)
(34, 15, 0, 0, 2, 0, 2, 0, 0)
(34, 16, 0, 1, 2, 1, 0, 0, 0)
(34, 21, 0, 1, 0, 2, 0, 0, 0)
(34, 22, 0, 1, 0, 0, 0, 0, 0)
(34, 32, 0, 2, 0, 2, 2, 0, 0)
(34, 33, 0, 2, 2, 2, 0, 0, 0)
(34, 35, 0, 2, 0, 2, 0, 0, 0)
(34, 39, 0, 0, 0, 1, 0, 0, 0)
(34, 45, 0, 2, 0, 1, 2, 0, 0)
(34, 46, 0, 2, 2, 1, 0, 0, 0)
(35, 1, 0, 2, 0, 0, 2, 0, 0)
(35, 2, 0, 2, 2, 0, 2, 0, 0)
(35, 3, 0, 2, 2, 1, 2, 0, 0)
(35, 4, 0, 2, 2, 2, 2, 0, 0)
(35, 5, 0, 2, 2, 2, 2, 0, 0)
(35, 6, 0, 2, 2, 2, 0, 0, 0)
(35, 7, 0, 2, 0, 2, 0, 0, 0)
(35, 16, 0, 1, 0, 1, 0, 0, 0)
(35, 21, 0, 1, 0, 1, 0, 0, 0)
(35, 22, 0, 1, 0, 1, 0, 0, 0)
(35, 32, 0, 2, 0, 2, 2, 0, 0)
(35, 33, 0, 2, 2, 2, 0, 0, 0)
(35, 35, 0, 1, 0, 2, 0, 0, 0)
(35, 36, 0, 1, 0, 0, 0, 0, 0)
(35, 45, 0, 0, 0, 2, 2, 0, 0)
(35, 46, 0, 1, 2, 2, 0, 0, 0)
(36, 1, 0, 1, 0, 2, 2, 0, 0)
(36, 2, 0, 0, 2, 2, 2, 0, 0)
(36, 3, 0, 0, 2, 2, 2, 0, 0)
(36, 4, 0, 1, 2, 2, 2, 0, 0)
(36, 5, 0, 0, 2, 2, 2, 0, 0)
(36, 6, 0, 1, 2, 2, 0, 0, 0)
(36, 7, 0, 1, 0, 2, 0, 0, 0)
(36, 16, 0, 0, 0, 1, 0, 0, 0)
(36, 19, 0, 2, 0, 0, 2, 0, 0)
(36, 20, 0, 2, 2, 0, 2, 0, 0)
(36, 21, 0, 2, 2, 1, 0, 0, 0)
(36, 22, 0, 2, 0, 1, 1, 0, 0)
(36, 23, 0, 1, 1, 0, 0, 0, 0)
(36, 27, 0, 0, 0, 0, 1, 0, 0)
(36, 28, 0, 0, 1, 0, 2, 0, 0)
(36, 29, 0, 1, 2, 0, 0, 0, 0)
(36, 32, 0, 2, 0, 2, 2, 0, 0)
(36, 33, 0, 2, 2, 2, 0, 0, 0)
(36, 35, 0, 0, 0, 1, 2, 0, 0)
(36, 36, 0, 0, 2, 1, 0, 0, 0)
(36, 46, 0, 1, 0, 1, 0, 0, 0)
(37, 0, 0, 2, 0, 0, 2, 0, 0)
(37, 1, 0, 2, 2, 1, 2, 0, 0)
(37, 2, 0, 2, 2, 0, 0, 0, 0)
(37, 3, 0, 1, 0, 0, 1, 0, 0)
(37, 4, 0, 1, 1, 1, 2, 0, 0)
(37, 5, 0, 1, 2, 0, 1, 0, 0)
(37, 6, 0, 1, 1, 1, 2, 0, 0)
(37, 7, 0, 1, 2, 1, 0, 0, 0)
(37, 19, 0, 1, 0, 2, 2, 0, 0)
(37, 20, 0, 0, 2, 2, 2, 0, 0)
(37, 21, 0, 0, 2, 2, 0, 0, 0)
(37, 22, 0, 1, 0, 2, 0, 0, 0)
(37, 23, 0, 0, 0, 1, 2, 0, 0)
(37, 24, 0, 0, 2, 0, 2, 0, 0)
(37, 25, 0, 0, 2, 0, 2, 0, 0)
(37, 26, 0, 0, 2, 0, 2, 0, 0)
(37, 27, 0, 0, 2, 0, 2, 0, 0)
(37, 28, 0, 0, 2, 0, 2, 0, 0)
(37, 29, 0, 0, 2, 1, 2, 0, 0)
(37, 30, 0, 0, 2, 0, 2, 0, 0)
(37, 31, 0, 0, 2, 0, 1, 0, 0)
(37, 32, 0, 1, 1, 2, 2, 0, 0)
(37, 33, 0, 0, 2, 2, 0, 0, 0)
(37, 45, 0, 2, 0, 0, 2, 0, 0)
(37, 46, 0, 2, 2, 1, 0, 0, 0)
(38, 0, 0, 0, 0, 2, 2, 0, 0)
(38, 1, 0, 0, 2, 2, 2, 0, 0)
(38, 2, 0, 0, 2, 2, 0, 0, 0)
(38, 3, 0, 0, 0, 1, 0, 0, 0)
(38, 4, 0, 0, 0, 1, 0, 0, 0)
(38, 5, 0, 1, 0, 1, 0, 0, 0)
(38, 6, 0, 0, 0, 1, 0, 0, 0)
(38, 7, 0, 1, 0, 1, 0, 0, 0)
(38, 19, 0, 2, 0, 1, 0, 0, 0)
(38, 21, 0, 1, 0, 0, 2, 0, 0)
(38, 22, 0, 1, 2, 1, 2, 0, 0)
(38, 23, 0, 0, 2, 0, 2, 0, 0)
(38, 24, 0, 1, 2, 0, 2, 0, 0)
(38, 25, 0, 0, 2, 0, 2, 0, 0)
(38, 26, 0, 0, 2, 0, 2, 0, 0)
(38, 27, 0, 0, 2, 0, 2, 0, 0)
(38, 28, 0, 0, 2, 0, 2, 0, 0)
(38, 29, 0, 0, 2, 0, 2, 0, 0)
(38, 30, 0, 0, 2, 0, 2, 0, 0)
(38, 31, 0, 0, 2, 0, 1, 0, 0)
(38, 32, 0, 1, 1, 1, 2, 0, 0)
(38, 33, 0, 0, 2, 0, 2, 0, 0)
(38, 34, 0, 1, 2, 0, 1, 0, 0)
(38, 35, 0, 0, 1, 0, 2, 0, 0)
(38, 36, 0, 1, 2, 0, 0, 0, 0)
(38, 45, 0, 2, 0, 2, 2, 0, 0)
(38, 46, 0, 2, 2, 2, 0, 0, 0)
(39, 5, 0, 1, 0, 1, 0, 0, 0)
(39, 7, 0, 0, 0, 1, 0, 0, 0)
(39, 19, 0, 2, 0, 2, 1, 0, 0)
(39, 20, 0, 1, 1, 0, 0, 0, 0)
(39, 21, 0, 1, 0, 1, 0, 0, 0)
(39, 22, 0, 0, 0, 1, 0, 0, 0)
(39, 24, 0, 2, 0, 1, 0, 0, 0)
(39, 32, 0, 0, 0, 1, 0, 0, 0)
(39, 33, 0, 1, 0, 0, 0, 0, 0)
(39, 34, 0, 1, 0, 1, 0, 0, 0)
(39, 36, 0, 2, 0, 1, 2, 0, 0)
(39, 37, 0, 2, 2, 0, 0, 0, 0)
(39, 45, 0, 1, 0, 2, 2, 0, 0)
(39, 46, 0, 0, 2, 2, 0, 0, 0)
(40, 5, 0, 2, 0, 1, 0, 0, 0)
(40, 19, 0, 1, 0, 2, 0, 0, 0)
(40, 20, 0, 0, 0, 1, 2, 0, 0)
(40, 21, 0, 0, 2, 1, 0, 0, 0)
(40, 24, 0, 2, 0, 2, 0, 0, 0)
(40, 33, 0, 2, 0, 1, 0, 0, 0)
(40, 34, 0, 2, 0, 1, 0, 0, 0)
(40, 36, 0, 2, 0, 2, 2, 0, 0)
(40, 37, 0, 2, 2, 2, 0, 0, 0)
(40, 45, 0, 2, 0, 1, 0, 0, 0)
(40, 46, 0, 2, 0, 0, 0, 0, 0)
(41, 5, 0, 2, 0, 2, 0, 0, 0)
(41, 6, 0, 1, 0, 0, 0, 0, 0)
(41, 19, 0, 2, 0, 1, 2, 0, 0)
(41, 20, 0, 2, 2, 0, 0, 0, 0)
(41, 24, 0, 1, 0, 2, 0, 0, 0)
(41, 33, 0, 2, 0, 2, 0, 0, 0)
(41, 34, 0, 2, 0, 2, 0, 0, 0)
(41, 36, 0, 2, 0, 2, 2, 0, 0)
(41, 37, 0, 0, 2, 2, 0, 0, 0)
(41, 45, 0, 2, 0, 2, 0, 0, 0)
(41, 46, 0, 2, 0, 2, 0, 0, 0)
(42, 5, 0, 1, 0, 2, 0, 0, 0)
(42, 6, 0, 2, 0, 1, 0, 0, 0)
(42, 19, 0, 2, 0, 2, 2, 0, 0)
(42, 20, 0, 2, 2, 2, 0, 0, 0)
(42, 24, 0, 0, 0, 1, 2, 0, 0)
(42, 25, 0, 0, 2, 0, 2, 0, 0)
(42, 26, 0, 0, 2, 0, 2, 0, 0)
(42, 27, 0, 1, 2, 0, 0, 0, 0)
(42, 28, 0, 1, 0, 0, 0, 0, 0)
(42, 33, 0, 2, 0, 2, 0, 0, 0)
(42, 34, 0, 2, 0, 2, 0, 0, 0)
(42, 36, 0, 2, 0, 2, 0, 0, 0)
(42, 45, 0, 1, 0, 2, 0, 0, 0)
(42, 46, 0, 1, 0, 2, 0, 0, 0)
(43, 5, 0, 2, 0, 1, 2, 0, 0)
(43, 6, 0, 2, 2, 2, 0, 0, 0)
(43, 15, 0, 1, 0, 0, 2, 0, 0)
(43, 16, 0, 2, 2, 0, 0, 0, 0)
(43, 19, 0, 1, 0, 2, 2, 0, 0)
(43, 20, 0, 1, 2, 2, 1, 0, 0)
(43, 21, 0, 0, 1, 0, 0, 0, 0)
(43, 27, 0, 0, 0, 1, 2, 0, 0)
(43, 28, 0, 1, 2, 1, 0, 0, 0)
(43, 33, 0, 2, 0, 2, 1, 0, 0)
(43, 34, 0, 2, 1, 2, 0, 0, 0)
(43, 36, 0, 2, 0, 2, 0, 0, 0)
(43, 45, 0, 2, 0, 1, 0, 0, 0)
(43, 46, 0, 2, 0, 1, 0, 0, 0)
(44, 5, 0, 2, 0, 2, 2, 0, 0)
(44, 6, 0, 2, 2, 2, 0, 0, 0)
(44, 13, 0, 2, 0, 0, 2, 0, 0)
(44, 14, 0, 2, 2, 0, 0, 0, 0)
(44, 15, 0, 2, 0, 1, 0, 0, 0)
(44, 16, 0, 2, 0, 2, 0, 0, 0)
(44, 19, 0, 2, 0, 1, 0, 0, 0)
(44, 20, 0, 2, 0, 1, 0, 0, 0)
(44, 28, 0, 0, 0, 1, 0, 0, 0)
(44, 33, 0, 0, 0, 2, 0, 0, 0)
(44, 34, 0, 0, 0, 2, 0, 0, 0)
(44, 36, 0, 2, 0, 2, 0, 0, 0)
(44, 45, 0, 2, 0, 2, 0, 0, 0)
(44, 46, 0, 2, 0, 2, 0, 0, 0)
(45, 5, 0, 2, 0, 2, 2, 0, 0)
(45, 6, 0, 2, 2, 2, 0, 0, 0)
(45, 13, 0, 2, 0, 2, 2, 0, 0)
(45, 14, 0, 2, 2, 2, 0, 0, 0)
(45, 15, 0, 1, 0, 2, 0, 0, 0)
(45, 16, 0, 1, 0, 2, 0, 0, 0)
(45, 19, 0, 0, 0, 2, 0, 0, 0)
(45, 20, 0, 2, 0, 2, 0, 0, 0)
(45, 36, 0, 2, 0, 2, 2, 0, 0)
(45, 37, 0, 2, 2, 0, 0, 0, 0)
(45, 45, 0, 2, 0, 2, 0, 0, 0)
(45, 46, 0, 2, 0, 2, 0, 0, 0)
(46, 5, 0, 2, 0, 2, 2, 0, 0)
(46, 6, 0, 2, 2, 2, 0, 0, 0)
(46, 13, 0, 2, 0, 2, 2, 0, 0)
(46, 14, 0, 2, 2, 2, 2, 0, 0)
(46, 15, 0, 2, 2, 1, 0, 0, 0)
(46, 16, 0, 2, 0, 1, 0, 0, 0)
(46, 20, 0, 2, 0, 2, 0, 0, 0)
(46, 36, 0, 2, 0, 2, 2, 0, 0)
(46, 37, 0, 0, 2, 2, 0, 0, 0)
(46, 45, 0, 2, 0, 2, 0, 0, 0)
(46, 46, 0, 2, 0, 2, 0, 0, 0)
(47, 5, 0, 2, 0, 2, 2, 0, 0)
(47, 6, 0, 2, 2, 2, 0, 0, 0)
(47, 13, 0, 1, 0, 2, 2, 0, 0)
(47, 14, 0, 1, 2, 2, 2, 0, 0)
(47, 15, 0, 0, 2, 2, 0, 0, 0)
(47, 16, 0, 0, 0, 2, 0, 0, 0)
(47, 20, 0, 2, 0, 2, 0, 0, 0)
(47, 36, 0, 2, 0, 2, 0, 0, 0)
(47, 45, 0, 0, 0, 2, 1, 0, 0)
(47, 46, 0, 0, 1, 2, 0, 0, 0)
(48, 5, 0, 0, 0, 2, 2, 0, 0)
(48, 6, 0, 1, 2, 2, 0, 0, 0)
(48, 9, 0, 1, 0, 0, 0, 0, 0)
(48, 13, 0, 1, 0, 1, 0, 0, 0)
(48, 14, 0, 2, 0, 1, 0, 0, 0)
(48, 15, 0, 1, 0, 0, 0, 0, 0)
(48, 16, 0, 1, 0, 0, 0, 0, 0)
(48, 20, 0, 2, 0, 2, 0, 0, 0)
(48, 36, 0, 2, 0, 2, 2, 0, 0)
(48, 37, 0, 2, 2, 0, 0, 0, 0)
(49, 4, 0, 2, 0, 0, 0, 0, 0)
(49, 5, 0, 2, 0, 0, 0, 0, 0)
(49, 6, 0, 1, 0, 1, 2, 0, 0)
(49, 7, 0, 0, 2, 0, 2, 0, 0)
(49, 8, 0, 0, 2, 0, 2, 0, 0)
(49, 9, 0, 1, 2, 1, 0, 0, 0)
(49, 13, 0, 0, 0, 1, 0, 0, 0)
(49, 14, 0, 1, 0, 2, 0, 0, 0)
(49, 15, 0, 2, 0, 1, 0, 0, 0)
(49, 16, 0, 2, 0, 1, 0, 0, 0)
(49, 20, 0, 2, 0, 2, 0, 0, 0)
(49, 36, 0, 2, 0, 2, 2, 0, 0)
(49, 37, 0, 2, 2, 2, 0, 0, 0)
(50, 3, 0, 0, 0, 0, 2, 0, 0)
(50, 4, 0, 2, 2, 2, 1, 0, 0)
(50, 5, 0, 2, 1, 2, 2, 0, 0)
(50, 6, 0, 2, 2, 1, 0, 0, 0)
(50, 7, 0, 1, 0, 0, 2, 0, 0)
(50, 8, 0, 0, 2, 0, 2, 0, 0)
(50, 9, 0, 0, 2, 1, 0, 0, 0)
(50, 14, 0, 1, 0, 1, 0, 0, 0)
(50, 15, 0, 1, 0, 2, 0, 0, 0)
(50, 16, 0, 1, 0, 2, 0, 0, 0)
(50, 20, 0, 2, 0, 2, 0, 0, 0)
(50, 36, 0, 2, 0, 2, 2, 0, 0)
(50, 37, 0, 2, 2, 2, 0, 0, 0)
(51, 4, 0, 0, 0, 2, 0, 0, 0)
(51, 5, 0, 0, 0, 2, 2, 0, 0)
(51, 6, 0, 0, 2, 2, 0, 0, 0)
(51, 7, 0, 1, 0, 1, 2, 0, 0)
(51, 8, 0, 0, 2, 0, 2, 0, 0)
(51, 9, 0, 1, 2, 0, 0, 0, 0)
(51, 13, 0, 1, 0, 0, 0, 0, 0)
(51, 14, 0, 1, 0, 1, 0, 0, 0)
(51, 15, 0, 1, 0, 1, 0, 0, 0)
(51, 16, 0, 1, 0, 1, 0, 0, 0)
(51, 20, 0, 2, 0, 2, 0, 0, 0)
(51, 36, 0, 1, 0, 2, 2, 0, 0)
(51, 37, 0, 0, 2, 2, 0, 0, 0)
(52, 6, 0, 2, 0, 0, 2, 0, 0)
(52, 7, 0, 2, 2, 1, 2, 0, 0)
(52, 8, 0, 2, 2, 0, 2, 0, 0)
(52, 9, 0, 2, 2, 1, 2, 0, 0)
(52, 10, 0, 2, 2, 0, 0, 0, 0)
(52, 13, 0, 2, 0, 1, 2, 0, 0)
(52, 14, 0, 2, 2, 1, 2, 0, 0)
(52, 15, 0, 2, 2, 1, 0, 0, 0)
(52, 16, 0, 2, 0, 1, 0, 0, 0)
(52, 20, 0, 2, 0, 2, 0, 0, 0)
(52, 36, 0, 2, 0, 1, 0, 0, 0)
(53, 6, 0, 2, 0, 2, 2, 0, 0)
(53, 7, 0, 2, 2, 2, 2, 0, 0)
(53, 8, 0, 2, 2, 2, 2, 0, 0)
(53, 9, 0, 2, 2, 2, 2, 0, 0)
(53, 10, 0, 2, 2, 2, 0, 0, 0)
(53, 13, 0, 2, 0, 2, 2, 0, 0)
(53, 14, 0, 2, 2, 2, 2, 0, 0)
(53, 15, 0, 2, 2, 2, 0, 0, 0)
(53, 16, 0, 1, 0, 2, 0, 0, 0)
(53, 20, 0, 2, 0, 2, 0, 0, 0)
(53, 36, 0, 1, 0, 2, 0, 0, 0)
(54, 6, 0, 2, 0, 2, 2, 0, 0)
(54, 7, 0, 2, 2, 2, 2, 0, 0)
(54, 8, 0, 2, 2, 2, 2, 0, 0)
(54, 9, 0, 2, 2, 2, 2, 0, 0)
(54, 10, 0, 2, 2, 2, 0, 0, 0)
(54, 13, 0, 2, 0, 2, 2, 0, 0)
(54, 14, 0, 2, 2, 2, 2, 0, 0)
(54, 15, 0, 2, 2, 2, 1, 0, 0)
(54, 16, 0, 1, 1, 1, 0, 0, 0)
(54, 19, 0, 1, 0, 0, 0, 0, 0)
(54, 20, 0, 2, 0, 2, 0, 0, 0)
(54, 36, 0, 0, 0, 1, 0, 0, 0)
(55, 6, 0, 2, 0, 2, 2, 0, 0)
(55, 7, 0, 2, 2, 2, 2, 0, 0)
(55, 8, 0, 2, 2, 2, 2, 0, 0)
(55, 9, 0, 2, 2, 2, 2, 0, 0)
(55, 10, 0, 2, 2, 2, 0, 0, 0)
(55, 13, 0, 2, 0, 2, 2, 0, 0)
(55, 14, 0, 2, 2, 2, 2, 0, 0)
(55, 15, 0, 2, 2, 2, 0, 0, 0)
(55, 16, 0, 2, 0, 1, 0, 0, 0)
(55, 18, 0, 1, 0, 0, 2, 0, 0)
(55, 19, 0, 1, 2, 1, 0, 0, 0)
(55, 20, 0, 2, 0, 2, 0, 0, 0)
(56, 6, 0, 2, 0, 2, 2, 0, 0)
(56, 7, 0, 2, 2, 2, 2, 0, 0)
(56, 8, 0, 2, 2, 2, 2, 0, 0)
(56, 9, 0, 2, 2, 2, 2, 0, 0)
(56, 10, 0, 2, 2, 2, 0, 0, 0)
(56, 13, 0, 2, 0, 2, 2, 0, 0)
(56, 14, 0, 2, 2, 2, 2, 0, 0)
(56, 15, 0, 2, 2, 2, 0, 0, 0)
(56, 16, 0, 2, 0, 2, 0, 0, 0)
(56, 18, 0, 2, 0, 1, 0, 0, 0)
(56, 19, 0, 2, 0, 1, 0, 0, 0)
(56, 20, 0, 2, 0, 2, 0, 0, 0)
(57, 6, 0, 1, 0, 2, 2, 0, 0)
(57, 7, 0, 0, 2, 2, 2, 0, 0)
(57, 8, 0, 0, 2, 2, 2, 0, 0)
(57, 9, 0, 1, 2, 2, 2, 0, 0)
(57, 10, 0, 1, 2, 2, 0, 0, 0)
(57, 13, 0, 1, 0, 2, 2, 0, 0)
(57, 14, 0, 2, 2, 2, 2, 0, 0)
(57, 15, 0, 2, 2, 2, 0, 0, 0)
(57, 16, 0, 1, 0, 2, 0, 0, 0)
(57, 18, 0, 1, 0, 2, 0, 0, 0)
(57, 19, 0, 2, 0, 2, 0, 0, 0)
(57, 20, 0, 2, 0, 2, 0, 0, 0)
(58, 6, 0, 0, 0, 1, 0, 0, 0)
(58, 9, 0, 1, 0, 1, 2, 0, 0)
(58, 10, 0, 0, 2, 1, 0, 0, 0)
(58, 12, 0, 1, 0, 0, 0, 0, 0)
(58, 13, 0, 0, 0, 1, 0, 0, 0)
(58, 14, 0, 0, 0, 2, 2, 0, 0)
(58, 15, 0, 0, 2, 2, 0, 0, 0)
(58, 16, 0, 1, 0, 1, 0, 0, 0)
(58, 18, 0, 1, 0, 1, 0, 0, 0)
(58, 19, 0, 1, 0, 2, 0, 0, 0)
(58, 20, 0, 1, 0, 2, 0, 0, 0)
(58, 21, 0, 1, 0, 0, 0, 0, 0)
(58, 22, 0, 1, 0, 0, 0, 0, 0)
(59, 8, 0, 1, 0, 0, 0, 0, 0)
(59, 9, 0, 1, 0, 1, 0, 0, 0)
(59, 10, 0, 2, 0, 0, 2, 0, 0)
(59, 11, 0, 2, 2, 0, 0, 0, 0)
(59, 12, 0, 1, 0, 1, 0, 0, 0)
(59, 13, 0, 2, 0, 0, 2, 0, 0)
(59, 14, 0, 2, 2, 0, 2, 0, 0)
(59, 15, 0, 2, 2, 0, 2, 0, 0)
(59, 16, 0, 2, 2, 1, 2, 0, 0)
(59, 17, 0, 2, 2, 0, 2, 0, 0)
(59, 18, 0, 2, 2, 1, 0, 0, 0)
(59, 19, 0, 2, 0, 1, 0, 0, 0)
(59, 20, 0, 1, 0, 1, 0, 0, 0)
(59, 21, 0, 2, 0, 1, 2, 0, 0)
(59, 22, 0, 2, 2, 1, 2, 0, 0)
(59, 23, 0, 2, 2, 0, 0, 0, 0)
(59, 24, 0, 2, 0, 0, 0, 0, 0)
(60, 8, 0, 0, 0, 1, 1, 0, 0)
(60, 9, 0, 0, 1, 1, 1, 0, 0)
(60, 10, 0, 0, 1, 2, 2, 0, 0)
(60, 11, 0, 0, 2, 2, 2, 0, 0)
(60, 12, 0, 0, 2, 1, 2, 0, 0)
(60, 13, 0, 0, 2, 2, 2, 0, 0)
(60, 14, 0, 0, 2, 2, 2, 0, 0)
(60, 15, 0, 0, 2, 2, 2, 0, 0)
(60, 16, 0, 0, 2, 2, 2, 0, 0)
(60, 17, 0, 0, 2, 2, 2, 0, 0)
(60, 18, 0, 0, 2, 2, 1, 0, 0)
(60, 19, 0, 0, 1, 2, 1, 0, 0)
(60, 20, 0, 0, 1, 1, 1, 0, 0)
(60, 21, 0, 0, 1, 2, 2, 0, 0)
(60, 22, 0, 0, 2, 2, 2, 0, 0)
(60, 23, 0, 0, 2, 2, 0, 0, 0)
(60, 24, 0, 0, 0, 2, 0, 0, 0)
